function z = Sphere(x)

    z = -40.408 + (-0.143 * x(1)) + (0.145 * x(2)) + (0.033 * x(3)) + (0.017 * x(4)) + (0.297 * x(5)) + (0.550 * x(6))+(-0.157*x(7))+(0.582*x(8))+(-0.231*x(9)) 
end